94.000 94.000 94.000 94.000 94.000
94.500 94.500 94.500 94.500 94.500
93.500 93.500 93.500 93.500 93.500
93.500 93.500 93.500 93.500 93.500
95.000 95.000 95.000 95.000 95.000
90.500 90.500 90.500 90.500 90.500
90.000 90.000 90.000 90.000 90.000
96.000 96.000 96.000 96.000 96.000
98.000 98.000 98.000 98.000 98.000
96.500 96.500 96.500 96.500 96.500
97.000 97.000 97.000 97.000 97.000
94.000 94.000 94.000 94.000 94.000
96.500 96.500 96.500 96.500 96.500
94.500 94.500 94.500 94.500 94.500
96.500 96.500 96.500 96.500 96.500
96.000 96.000 96.000 96.000 96.000
93.500 93.500 93.500 93.500 93.500
97.000 97.000 97.000 97.000 97.000
94.500 94.500 94.500 94.500 94.500
98.500 98.500 98.500 98.500 98.500
92.500 92.500 92.500 92.500 92.500
96.500 96.500 96.500 96.500 96.500
96.500 96.500 96.500 96.500 96.500
93.000 93.000 93.000 93.000 93.000
94.500 94.500 94.500 94.500 94.500
91.000 91.000 91.000 91.000 91.000
92.500 92.500 92.500 92.500 92.500
95.000 95.000 95.000 95.000 95.000
96.500 96.500 96.500 96.500 96.500
93.500 93.500 93.500 93.500 93.500
97.000 97.000 97.000 97.000 97.000
94.500 94.500 94.500 94.500 94.500
96.000 96.000 96.000 96.000 96.000
94.500 94.500 94.500 94.500 94.500
89.500 89.500 89.500 89.500 89.500
92.000 92.000 92.000 92.000 92.000
92.000 92.000 92.000 92.000 92.000
95.000 95.000 95.000 95.000 95.000
93.500 93.500 93.500 93.500 93.500
93.000 93.000 93.000 93.000 93.000
95.000 95.000 95.000 95.000 95.000
93.500 93.500 93.500 93.500 93.500
94.500 94.500 94.500 94.500 94.500
88.500 88.500 88.500 88.500 88.500
90.000 90.000 90.000 90.000 90.000
93.000 93.000 93.000 93.000 93.000
94.000 94.000 94.000 94.000 94.000
92.500 92.500 92.500 92.500 92.500
93.500 93.500 93.500 93.500 93.500
96.500 96.500 96.500 96.500 96.500
93.500 93.500 93.500 93.500 93.500
92.500 92.500 92.500 92.500 92.500
97.500 97.500 97.500 97.500 97.500
93.000 93.000 93.000 93.000 93.000
97.500 97.500 97.500 97.500 97.500
96.000 96.000 96.000 96.000 96.000
94.500 94.500 94.500 94.500 94.500
95.000 95.000 95.000 95.000 95.000
92.000 92.000 92.000 92.000 92.000
93.000 93.000 93.000 93.000 93.000
95.500 95.500 95.500 95.500 95.500
95.000 95.000 95.000 95.000 95.000
93.500 93.500 93.500 93.500 93.500
91.000 91.000 91.000 91.000 91.000
94.000 94.000 94.000 94.000 94.000
91.000 91.000 91.000 91.000 91.000
96.500 96.500 96.500 96.500 96.500
95.500 95.500 95.500 95.500 95.500
91.000 91.000 91.000 91.000 91.000
92.000 92.000 92.000 92.000 92.000
95.000 95.000 95.000 95.000 95.000
89.500 89.500 89.500 89.500 89.500
94.000 94.000 94.000 94.000 94.000
91.500 91.500 91.500 91.500 91.500
96.500 96.500 96.500 96.500 96.500
92.000 92.000 92.000 92.000 92.000
94.000 94.000 94.000 94.000 94.000
95.000 95.000 95.000 95.000 95.000
91.500 91.500 91.500 91.500 91.500
92.500 92.500 92.500 92.500 92.500
92.000 92.000 92.000 92.000 92.000
96.500 96.500 96.500 96.500 96.500
94.000 94.000 94.000 94.000 94.000
90.500 90.500 90.500 90.500 90.500
94.000 94.000 94.000 94.000 94.000
93.000 93.000 93.000 93.000 93.000
95.000 95.000 95.000 95.000 95.000
92.500 92.500 92.500 92.500 92.500
96.000 96.000 96.000 96.000 96.000
92.500 92.500 92.500 92.500 92.500
96.500 96.500 96.500 96.500 96.500
95.500 95.500 95.500 95.500 95.500
94.500 94.500 94.500 94.500 94.500
93.500 93.500 93.500 93.500 93.500
95.500 95.500 95.500 95.500 95.500
93.000 93.000 93.000 93.000 93.000
96.500 96.500 96.500 96.500 96.500
94.500 94.500 94.500 94.500 94.500
99.000 99.000 99.000 99.000 99.000
93.500 93.500 94.000 94.000 94.000
93.500 93.500 93.500 93.500 93.500
95.000 95.000 95.000 95.000 95.000
95.500 95.500 95.500 95.500 95.500
90.500 90.500 90.500 90.500 90.500
93.500 93.500 93.500 93.500 93.500
94.500 94.500 94.500 94.500 94.500
94.500 94.500 94.500 94.500 94.500
95.500 95.500 95.500 95.500 95.500
96.000 96.000 96.000 96.000 96.000
96.000 96.000 96.000 96.000 96.000
92.500 92.500 92.500 92.500 92.500
93.000 93.000 93.000 93.000 93.000
89.000 89.000 89.000 89.000 89.000
92.000 92.000 92.000 92.000 92.000
95.500 95.500 95.500 95.500 95.500
95.000 95.000 95.000 95.000 95.000
95.000 95.000 95.000 95.000 95.000
95.500 95.500 95.500 95.500 95.500
91.500 91.500 91.500 91.500 91.500
94.500 94.500 94.500 94.500 94.500
95.500 95.500 95.500 95.500 95.500
92.000 92.000 92.000 92.000 92.000
95.500 95.500 95.500 95.500 95.500
89.500 89.500 89.500 89.500 89.500
94.000 94.000 94.000 94.000 94.000
94.000 94.000 94.000 94.000 94.000
94.000 94.000 94.000 94.000 94.000
93.500 93.500 93.500 93.500 93.500
94.000 94.000 94.000 94.000 94.000
92.500 92.500 92.500 92.500 92.500
98.500 98.500 98.500 98.500 98.500
94.000 94.000 94.000 94.000 94.000
92.500 92.500 92.500 92.500 92.500
90.500 90.500 90.500 90.500 90.500
95.500 95.500 95.500 95.500 95.500
94.000 94.000 94.000 94.000 94.000
93.000 93.000 93.000 93.000 93.000
94.500 94.500 94.500 94.500 94.500
91.500 91.500 91.500 91.500 91.500
95.500 95.500 95.500 95.500 95.500
96.000 96.000 96.000 96.000 96.000
94.000 94.000 94.000 94.000 94.000
96.500 96.500 96.500 96.500 96.500
92.000 92.000 92.000 92.000 92.000
96.500 96.500 96.500 96.500 96.500
92.000 92.000 92.000 92.000 92.000
92.000 92.000 92.000 92.000 92.000
94.000 94.000 94.000 94.000 94.000
92.500 92.500 92.500 92.500 92.500
87.500 87.500 87.500 87.500 87.500
94.500 94.500 94.500 94.500 94.500
95.500 95.500 95.500 95.500 95.500
95.500 95.500 95.500 95.500 95.500
91.500 91.500 91.500 91.500 91.500
90.000 90.000 90.000 90.000 90.000
92.500 92.500 92.500 92.500 92.500
91.500 91.500 91.500 91.500 91.500
94.000 94.000 94.000 94.000 94.000
92.000 92.000 92.000 92.000 92.000
93.500 93.500 93.500 93.500 93.500
95.000 95.000 95.000 95.000 95.000
90.500 90.500 90.500 90.500 90.500
92.000 92.000 92.000 92.000 92.000
96.500 96.500 96.500 96.500 96.500
94.500 94.500 94.500 94.500 94.500
96.000 96.000 96.000 96.000 96.000
94.500 94.500 94.500 94.500 94.500
95.500 95.500 95.500 95.500 95.500
95.500 95.500 95.500 95.500 95.500
97.000 97.000 97.000 97.000 97.000
96.000 96.000 96.000 96.000 96.000
96.500 96.500 96.500 96.500 96.500
92.000 92.000 92.000 92.000 92.000
90.500 90.500 90.500 90.500 90.500
93.000 93.000 93.000 93.000 93.000
96.000 96.000 96.000 96.000 96.000
96.500 96.500 96.500 96.500 96.500
94.500 94.500 94.500 94.500 94.500
95.000 95.000 94.500 94.500 94.500
95.000 95.000 95.000 95.000 95.000
95.500 95.500 95.500 95.500 95.500
95.500 95.500 95.500 95.500 95.500
92.500 92.500 92.500 92.500 92.500
96.500 96.500 96.500 96.500 96.500
92.000 92.000 92.000 92.000 92.000
93.000 93.000 93.000 93.000 93.000
91.500 91.500 91.500 91.500 91.500
93.000 93.000 93.000 93.000 93.000
95.500 95.500 95.500 95.500 95.500
93.500 93.500 93.500 93.500 93.500
96.000 96.000 96.000 96.000 96.000
94.500 94.500 94.500 94.500 94.500
96.000 96.000 96.000 96.000 96.000
92.500 92.500 92.500 92.500 92.500
96.500 96.500 96.500 96.500 96.500
95.000 95.000 95.000 95.000 95.000
91.500 91.500 91.500 91.500 91.500
92.500 92.500 92.500 92.500 92.500
94.500 94.500 94.500 94.500 94.500
93.000 93.000 93.000 93.000 93.000
93.000 93.000 93.000 93.000 93.000
93.000 93.000 93.000 93.000 93.000
96.500 96.500 96.500 96.500 96.500
95.000 95.000 95.000 95.000 95.000
95.500 95.500 95.500 95.500 95.500
93.000 93.000 93.000 93.000 93.000
90.000 90.000 90.000 90.000 90.000
93.500 93.500 93.500 93.500 93.500
94.500 94.500 94.500 94.500 94.500
94.000 94.000 94.000 94.000 94.000
91.000 91.000 91.000 91.000 91.000
92.000 92.000 92.000 92.000 92.000
93.000 93.000 93.000 93.000 93.000
92.000 92.000 92.000 92.000 92.000
91.000 91.000 91.000 91.000 91.000
92.000 92.000 92.000 92.000 92.000
97.500 97.500 97.500 97.500 97.500
95.000 95.000 95.000 95.000 95.000
95.000 95.000 95.000 95.000 95.000
93.000 93.000 93.000 93.000 93.000
92.500 92.500 92.500 92.500 92.500
93.500 93.500 93.500 93.500 93.500
95.000 95.000 95.000 95.000 95.000
92.500 92.500 92.500 92.500 92.500
93.000 93.000 93.000 93.000 93.000
93.000 93.000 93.000 93.000 93.000
97.500 97.500 97.500 97.500 97.500
92.000 92.000 92.000 92.000 92.000
95.000 95.000 95.000 95.000 95.000
90.000 90.000 90.000 90.000 90.000
91.000 91.000 91.000 91.000 91.000
90.500 90.500 90.500 90.500 90.500
95.500 95.500 95.500 95.500 95.500
91.000 91.000 91.000 91.000 91.000
94.000 94.000 94.000 94.000 94.000
93.000 93.000 93.000 93.000 93.000
86.000 86.000 86.000 86.000 86.000
93.500 93.500 93.500 93.500 93.500
96.000 96.000 96.000 96.000 96.000
92.500 92.500 92.500 92.500 92.500
94.000 94.000 94.000 94.000 94.000
90.000 90.000 90.000 90.000 90.000
96.000 96.000 96.000 96.000 96.000
96.500 96.500 96.500 96.500 96.500
91.500 91.500 91.500 91.500 91.500
90.500 90.500 90.500 90.500 90.500
96.000 96.000 96.000 96.000 96.000
88.500 88.500 88.500 88.500 88.500
93.000 93.000 93.000 93.000 93.000
92.500 92.500 92.500 92.500 92.500
92.500 92.500 92.500 92.500 92.500
89.500 89.500 89.500 89.500 89.500
91.500 91.500 91.500 91.500 91.500
94.500 94.500 94.500 94.500 94.500
94.000 94.000 94.000 94.000 94.000
95.500 95.500 95.500 95.500 95.500
94.500 94.500 94.500 94.500 94.500
96.000 96.000 96.000 96.000 96.000
95.000 95.000 95.000 95.000 95.000
94.500 94.500 94.500 94.500 94.500
91.500 91.500 91.500 91.500 91.500
92.000 92.000 92.000 92.000 92.000
97.000 97.000 97.000 97.000 97.000
93.500 93.500 93.500 93.500 93.500
87.000 87.000 87.000 87.000 87.000
92.000 92.000 92.000 92.000 92.000
95.000 95.000 95.000 95.000 95.000
93.000 93.000 93.000 93.000 93.000
93.000 93.000 93.000 93.000 93.000
92.000 92.000 92.000 92.000 92.000
95.000 95.000 95.000 95.000 95.000
96.500 96.500 96.500 96.500 96.500
95.000 95.000 95.000 95.000 95.000
98.000 98.000 98.000 98.000 98.000
90.000 90.000 90.000 90.000 90.000
94.500 94.500 94.500 94.500 94.500
92.000 92.000 92.000 92.000 92.000
96.000 96.000 96.000 96.000 96.000
95.000 95.000 95.000 95.000 95.000
95.000 95.000 95.000 95.000 95.000
94.500 94.500 94.500 94.500 94.500
95.000 95.000 95.000 95.000 95.000
95.500 95.500 95.500 95.500 95.500
95.000 95.000 95.000 95.000 95.000
96.000 96.000 96.000 96.000 96.000
96.500 96.500 96.500 96.500 96.500
92.500 92.500 92.500 92.500 92.500
95.500 95.500 95.500 95.500 95.500
91.500 91.500 91.500 91.500 91.500
97.500 97.500 97.500 97.500 97.500
98.000 98.000 98.000 98.000 98.000
97.000 97.000 97.000 97.000 97.000
96.000 96.000 96.000 96.000 96.000
98.000 98.000 98.000 98.000 98.000
97.500 97.500 97.500 97.500 97.500
98.500 98.500 98.500 98.500 98.500
93.500 93.500 93.500 93.500 93.500
98.000 98.000 98.000 98.000 98.000
93.500 93.500 93.500 93.500 93.500
97.000 97.000 97.000 97.000 97.000
