0.000
0.000
0.000
0.000
0.637
0.288
0.000
0.000
0.000
0.000
0.000
0.184
0.363
0.009
0.292
0.919
0.880
0.179
0.095
0.000
0.000
0.196
0.219
0.801
0.834
0.510
0.093
0.000
0.000
0.098
0.362
0.095
0.399
0.782
0.270
0.000
0.000
0.000
0.000
0.000
0.000
0.000
0.000
0.000
0.000
0.000
0.000
0.000
0.000
0.000
0.041
0.700
0.787
0.000
0.000
0.000
0.000
0.075
0.776
0.963
0.585
0.091
0.000
0.000
0.000
0.000
0.000
0.428
0.385
0.009
0.292
0.542
0.547
0.000
0.000
0.045
0.000
0.210
0.399
0.102
0.675
0.475
0.000
0.000
0.000
0.357
0.839
0.651
0.714
0.875
0.270
0.000
0.000
0.000
0.000
0.000
0.000
0.000
0.000
0.191
0.666
0.000
0.000
0.000
0.000
0.000
0.075
0.227
0.341
0.523
0.000
0.000
0.239
0.259
0.000
0.018
0.296
0.000
0.000
0.554
0.372
0.227
0.000
0.159
0.000
0.000
0.116
0.517
0.429
0.189
0.266
0.000
0.000
0.000
0.214
0.639
0.000
0.452
0.000
0.000
0.000
0.000
0.000
0.000
0.000
0.000
0.000
0.000
0.000
0.000
0.129
0.558
0.246
0.000
0.000
0.000
0.000
0.000
0.390
0.584
0.010
0.000
0.007
0.247
0.164
0.000
0.296
0.018
0.000
0.000
0.405
0.518
0.465
0.242
0.000
0.000
0.000
0.000
0.294
0.364
0.563
0.416
0.000
0.000
0.000
0.565
0.000
0.509
0.208
0.000
0.000
0.000
0.000
0.000
0.000
0.000
0.000
0.075
0.776
0.949
0.471
0.000
0.000
0.000
0.000
0.000
0.226
0.579
0.098
0.000
0.000
0.000
0.000
0.000
0.000
0.077
0.009
0.211
0.707
0.750
0.415
0.232
0.219
0.004
0.026
0.285
0.250
0.885
0.858
0.698
0.270
0.000
0.000
0.478
0.435
0.535
0.509
0.044
0.000
0.000
0.000
0.000
0.000
0.000
0.000
0.000
0.000
0.000
0.000
0.000
0.000
0.000
0.000
0.075
0.776
0.949
0.203
0.000
0.000
0.000
0.000
0.000
0.419
0.579
0.097
0.000
0.000
0.000
0.000
0.000
0.000
0.020
0.009
0.192
0.263
0.400
0.000
0.049
0.159
0.004
0.135
0.624
0.986
0.992
0.981
0.933
0.270
0.000
0.135
0.856
0.873
0.637
0.569
0.044
0.000
0.157
0.635
0.000
0.000
0.000
0.000
0.000
0.191
0.658
0.323
0.000
0.000
0.000
0.000
0.000
0.000
0.352
0.174
0.000
0.000
0.232
0.447
0.000
0.000
0.302
0.000
0.000
0.421
0.442
0.206
0.000
0.310
0.000
0.000
0.173
0.524
0.545
0.000
0.180
0.000
0.000
0.000
0.123
0.239
0.000
0.092
0.000
0.000
0.000
0.000
0.000
0.511
0.226
0.000
0.000
0.000
0.000
0.000
0.262
0.571
0.292
0.000
0.000
0.000
0.000
0.000
0.352
0.293
0.009
0.000
0.000
0.577
0.211
0.000
0.302
0.022
0.000
0.000
0.313
0.525
0.000
0.311
0.208
0.000
0.000
0.000
0.347
0.000
0.587
0.455
0.000
0.000
0.000
0.171
0.000
0.162
0.040
0.000
0.016
0.108
0.446
0.286
0.000
0.000
0.000
0.000
0.000
0.346
0.595
0.248
0.000
0.243
0.404
0.050
0.000
0.136
0.127
0.000
0.535
0.607
0.530
0.368
0.272
0.000
0.000
0.000
0.169
0.303
0.536
0.043
0.091
0.029
0.000
0.000
0.000
0.000
0.031
0.000
0.000
0.000
0.000
0.000
0.000
0.000
0.000
0.000
0.000
0.000
0.000
0.000
0.000
0.000
0.000
0.000
0.107
0.428
0.386
0.000
0.000
0.000
0.000
0.000
0.000
0.284
0.192
0.000
0.000
0.000
0.000
0.000
0.000
0.404
0.240
0.000
0.363
0.330
0.251
0.234
0.582
0.130
0.000
0.188
0.541
0.450
0.510
0.245
0.091
0.029
0.000
0.065
0.145
0.033
0.120
0.045
0.000
0.000
0.280
0.410
0.000
0.000
0.000
0.000
0.000
0.189
0.253
0.509
0.189
0.000
0.000
0.182
0.019
0.000
0.557
0.992
0.000
0.000
0.867
0.000
0.108
0.644
0.962
0.000
0.000
0.880
0.422
0.295
0.261
0.167
0.000
0.000
0.226
0.495
0.000
0.090
0.186
0.000
0.000
0.000
0.053
0.027
0.030
0.045
0.000
0.000
0.000
0.000
0.150
0.275
0.135
0.000
0.000
0.000
0.000
0.000
0.000
0.609
0.489
0.000
0.000
0.182
0.063
0.000
0.557
0.992
0.000
0.000
0.516
0.253
0.131
0.742
0.969
0.000
0.000
0.530
0.053
0.357
0.621
0.210
0.059
0.000
0.000
0.218
0.237
0.184
0.196
0.029
0.000
0.000
0.053
0.033
0.030
0.045
0.000
0.000
0.000
0.000
0.039
0.509
0.246
0.000
0.000
0.000
0.000
0.000
0.424
0.627
0.027
0.000
0.190
0.348
0.106
0.002
0.092
0.035
0.000
0.339
0.468
0.475
0.432
0.128
0.000
0.000
0.000
0.047
0.000
0.100
0.303
0.338
0.000
0.000
0.000
0.017
0.000
0.000
0.000
0.000
0.000
0.000
0.000
0.000
0.000
0.000
0.000
0.000
0.035
0.113
0.000
0.000
0.000
0.000
0.000
0.071
0.425
0.478
0.000
0.000
0.000
0.000
0.000
0.000
0.372
0.117
0.000
0.000
0.000
0.039
0.000
0.000
0.104
0.031
0.000
0.462
0.370
0.373
0.490
0.284
0.000
0.000
0.300
0.451
0.231
0.446
0.499
0.338
0.000
0.000
0.025
0.116
0.045
0.102
0.017
0.000
0.000
0.176
0.299
0.000
0.000
0.000
0.000
0.000
0.071
0.409
0.570
0.000
0.000
0.000
0.121
0.023
0.000
0.971
0.128
0.000
0.000
0.541
0.165
0.000
0.967
0.000
0.000
0.000
0.599
0.084
0.174
0.634
0.000
0.000
0.000
0.157
0.102
0.194
0.244
0.139
0.000
0.000
0.000
0.025
0.045
0.045
0.013
0.000
0.000
0.000
0.000
0.000
0.429
0.195
0.000
0.000
0.000
0.000
0.000
0.161
0.733
0.029
0.000
0.000
0.113
0.091
0.000
0.971
0.128
0.000
0.000
0.187
0.480
0.000
0.967
0.100
0.000
0.000
0.401
0.456
0.000
0.761
0.354
0.000
0.000
0.029
0.102
0.140
0.092
0.421
0.000
0.000
0.000
0.025
0.045
0.042
0.013
