0.003
0.748
0.491
0.068
0.008
0.214
0.943
0.094
0.995
0.005
0.004
0.239
0.671
0.028
0.435
0.002
0.146
0.119
0.000
0.340
0.679
0.000
0.852
0.993
0.570
0.364
0.987
0.708
0.001
0.000
0.015
0.280
0.004
0.993
1.000
0.888
0.758
0.704
0.002
0.951
0.998
0.004
0.622
0.762
0.263
0.198
0.933
0.181
0.008
1.000
0.903
0.001
0.423
0.199
0.699
0.001
0.002
0.914
0.948
0.367
0.995
0.881
0.000
0.307
1.000
0.262
1.000
0.957
0.000
0.724
0.828
0.635
0.950
0.805
0.982
0.073
0.971
0.999
0.001
0.996
0.016
0.095
0.919
0.001
0.900
0.153
0.955
0.007
0.564
0.987
0.231
0.991
0.990
0.167
0.563
0.990
1.000
0.865
0.026
0.997
0.997
0.975
0.945
0.931
0.987
1.000
0.994
0.018
0.922
0.115
0.001
0.983
0.402
0.935
0.297
0.001
0.905
0.991
0.112
0.907
0.844
1.000
0.902
0.638
0.030
0.031
0.998
1.000
0.998
0.979
0.997
0.543
0.000
0.090
0.000
0.004
0.991
0.957
0.954
0.049
0.250
0.999
0.408
0.658
0.000
0.001
0.000
0.079
0.961
0.368
0.138
0.045
0.787
0.001
0.459
0.034
0.476
0.825
0.983
0.979
0.990
0.269
1.000
0.995
0.052
0.360
0.006
0.998
0.283
0.000
0.998
0.001
1.000
0.817
0.111
0.992
0.408
0.003
1.000
0.992
0.148
0.851
0.668
0.974
0.964
0.739
0.991
0.998
0.993
0.465
0.521
0.359
0.919
1.000
0.961
0.994
0.993
0.068
0.962
0.977
0.784
0.925
0.935
0.054
0.013
0.099
0.260
0.989
0.940
0.516
0.970
0.990
0.035
0.000
0.272
0.863
0.821
0.025
0.146
0.485
0.013
0.917
1.000
0.970
0.171
0.018
0.813
0.796
0.019
0.885
0.619
0.996
0.018
0.987
0.993
0.518
0.996
0.039
0.000
0.994
0.957
0.031
0.241
0.995
0.014
1.000
0.931
0.001
0.981
0.953
0.001
0.000
0.279
0.086
0.971
0.997
