0.796
0.000
0.000
0.016
0.968
0.289
0.126
0.523
0.997
0.123
1.000
0.203
0.972
0.007
1.000
0.696
0.107
0.991
0.555
0.987
0.930
0.480
0.072
0.168
0.998
0.807
1.000
0.210
0.990
0.030
1.000
0.804
0.037
0.777
0.975
0.000
0.002
0.872
0.999
0.759
0.802
0.645
0.011
0.976
0.793
0.994
0.222
0.124
0.000
0.444
0.309
0.030
0.000
0.007
0.990
0.000
0.002
0.493
0.765
0.041
1.000
0.010
0.996
0.541
0.034
0.982
0.000
0.694
0.000
0.262
0.251
1.000
0.007
0.983
0.171
0.390
0.000
1.000
0.921
0.556
0.035
0.000
0.013
1.000
0.021
0.000
0.996
0.001
0.990
0.002
0.000
0.064
0.407
0.999
1.000
0.000
0.002
0.998
0.860
0.072
0.664
0.999
0.244
0.676
0.006
0.980
0.984
1.000
0.000
0.000
1.000
0.069
0.175
0.000
0.177
0.004
0.091
0.048
0.271
0.000
0.000
1.000
0.999
0.032
0.634
0.540
0.703
0.000
