0.083
0.043
0.966
0.728
0.000
0.518
0.194
0.011
0.002
0.910
0.180
0.003
0.999
0.464
0.014
0.995
0.999
0.590
0.000
0.008
0.071
0.006
0.886
0.563
0.028
0.001
0.927
0.000
1.000
0.093
0.052
0.017
0.510
1.000
0.916
0.124
0.905
1.000
0.017
0.140
0.577
0.906
0.950
0.980
0.833
0.718
0.970
0.234
1.000
0.000
0.663
0.016
0.000
0.984
0.886
0.010
0.588
0.995
0.001
0.000
1.000
0.000
0.191
1.000
0.024
0.000
0.282
0.929
0.010
0.586
0.130
0.309
1.000
0.001
0.841
0.002
0.000
0.997
0.658
0.001
1.000
0.980
0.302
0.148
0.416
0.000
0.994
0.027
0.000
0.001
0.000
1.000
0.998
0.055
0.000
0.262
0.000
0.959
0.278
0.384
0.039
0.000
0.153
0.113
0.084
0.122
0.051
0.986
0.960
0.019
0.002
0.910
0.781
1.000
0.024
0.207
0.000
1.000
0.969
0.376
0.036
1.000
0.020
0.000
0.989
1.000
1.000
1.000
