0.999
0.000
0.098
0.741
0.015
0.002
0.655
0.022
0.994
0.089
0.005
0.105
0.176
0.755
0.002
0.985
0.008
0.958
0.964
0.988
0.691
0.938
0.039
0.872
0.653
0.997
0.974
0.965
0.947
0.065
0.969
0.954
0.945
0.003
0.999
0.758
0.002
0.799
0.988
0.026
0.660
0.258
0.945
0.019
0.980
0.988
0.678
0.455
0.092
0.997
0.624
0.001
0.012
0.088
0.000
0.013
0.913
0.368
0.994
1.000
0.865
0.462
0.939
0.964
0.999
0.587
0.978
0.568
0.993
0.993
0.871
0.529
0.078
0.030
0.015
0.851
0.849
0.608
0.013
0.135
0.994
0.009
0.072
0.000
0.967
0.035
0.526
0.962
0.999
0.260
0.180
0.964
0.027
0.013
0.000
0.948
1.000
0.876
0.093
0.690
0.964
0.097
0.913
0.996
0.264
0.080
0.001
0.741
0.091
0.452
0.955
0.004
0.001
0.869
0.998
1.000
0.999
0.838
0.697
0.805
0.921
0.351
0.237
0.023
0.989
0.794
0.001
0.497
0.888
0.466
0.012
0.995
0.960
0.996
0.998
1.000
0.920
0.686
0.053
0.020
0.002
0.786
0.668
0.025
0.489
0.185
0.523
0.939
0.999
0.998
0.341
1.000
0.995
0.998
0.010
0.006
0.942
0.075
0.698
0.987
0.005
0.961
0.029
0.999
0.010
0.727
0.028
0.999
0.837
0.372
0.199
0.196
0.470
0.935
0.050
1.000
0.034
0.994
1.000
0.013
0.972
0.845
0.890
0.285
0.561
0.009
0.533
0.683
0.997
0.920
0.011
0.957
0.008
0.023
0.796
0.996
0.077
0.993
0.991
0.977
0.879
0.991
0.070
0.965
0.974
0.141
0.737
0.051
0.653
0.153
0.905
0.961
0.002
1.000
0.052
0.109
1.000
0.990
0.026
0.198
0.037
0.784
0.991
0.967
0.024
0.021
0.902
0.000
0.500
0.984
0.149
0.189
0.746
0.823
0.813
0.986
0.293
0.687
0.892
0.987
0.112
0.995
0.475
0.930
0.534
0.982
0.585
0.051
0.154
0.935
0.916
0.156
0.527
0.991
0.989
0.825
