72.537
0.000
20.708
0.000
0.000
0.000
62.695
29.909
38.280
0.000
0.511
0.000
35.251
34.472
0.000
0.000
3.093
4.936
0.000
41.483
26.304
1.406
18.888
3.370
62.934
0.000
1.047
59.730
0.000
0.000
4.649
11.163
0.000
13.214
0.953
35.929
0.000
0.000
2.425
55.199
3.657
5.813
4.320
0.000
8.995
68.840
53.160
0.000
36.009
0.000
58.624
43.510
58.285
0.000
0.573
6.113
0.000
90.357
0.000
3.005
0.000
6.431
0.000
0.000
28.199
0.000
64.013
6.315
74.492
72.572
0.447
0.000
0.000
4.256
36.001
0.000
37.027
0.000
0.000
0.000
17.223
34.225
10.565
6.508
0.627
80.573
41.467
0.000
29.773
104.998
6.909
7.413
15.785
0.000
0.000
0.000
6.491
0.000
1.936
0.000
64.073
12.913
0.000
2.127
48.284
5.039
0.243
0.000
39.329
7.069
31.146
0.000
23.241
0.553
0.000
0.000
0.000
0.000
0.000
1.596
25.627
0.000
21.547
4.640
2.872
0.000
0.000
43.119
0.000
4.220
19.028
29.939
0.000
43.252
72.565
12.789
0.000
60.308
1.231
5.349
0.000
38.877
0.000
19.352
2.456
0.000
1.120
3.334
9.149
8.669
0.000
5.104
25.459
49.134
0.000
0.000
0.000
2.145
41.127
0.000
0.000
4.885
0.000
3.121
27.958
0.000
24.454
0.000
28.213
47.091
88.962
0.303
8.145
7.430
0.000
4.336
0.000
1.503
33.216
0.000
0.000
0.000
0.000
70.053
0.000
2.175
41.243
0.000
5.822
47.007
3.289
0.000
0.000
0.000
0.000
0.000
0.000
28.780
0.000
15.748
36.228
0.000
64.682
13.047
0.000
0.000
5.129
3.538
50.219
43.252
3.400
0.000
92.219
0.000
28.664
49.030
26.160
0.000
39.096
0.000
0.000
6.776
0.000
0.000
0.000
0.000
55.903
0.000
0.000
29.026
0.000
0.000
1.144
0.000
2.059
27.527
58.632
0.000
23.611
39.430
0.000
37.788
0.000
13.266
2.727
27.084
23.443
1.209
0.000
56.574
0.000
0.000
5.632
0.000
5.003
22.462
