0.982
0.372
0.867
0.070
0.998
0.955
0.001
0.710
0.999
1.000
0.984
0.917
0.941
0.016
0.050
0.000
0.830
0.999
0.430
0.145
0.031
0.136
1.000
0.219
0.472
1.000
0.945
0.062
0.000
0.527
0.077
0.564
0.273
0.515
0.026
0.040
0.042
0.070
0.981
0.000
0.737
0.034
0.458
0.017
0.983
1.000
0.002
0.198
0.800
0.027
0.101
0.521
0.000
0.853
0.932
0.958
0.274
0.866
0.140
0.000
0.249
0.983
1.000
0.960
1.000
0.151
0.000
0.934
1.000
0.761
0.806
0.015
0.157
0.094
0.016
0.881
0.952
0.001
0.270
0.993
0.986
0.117
0.641
0.002
0.279
0.592
0.247
0.935
0.010
0.974
0.999
0.235
0.241
0.999
1.000
0.105
0.998
0.920
1.000
0.809
0.813
0.000
0.125
0.036
0.818
1.000
0.564
1.000
0.003
0.591
0.998
0.042
0.111
0.425
0.000
0.982
0.014
0.999
1.000
0.499
1.000
1.000
0.997
0.000
0.022
0.943
0.106
0.001
