0.944
0.944
0.944
0.944
0.944
0.944
0.944
0.944
0.944
0.944
0.778
1.395
1.792
0.950
0.944
0.944
1.164
0.767
1.039
2.466
1.511
0.944
0.944
1.442
1.117
1.940
1.768
1.695
0.944
0.894
1.604
2.466
1.302
1.011
0.944
0.944
0.000
1.535
0.895
0.944
0.944
0.944
0.988
1.625
2.915
1.233
0.988
0.988
0.988
23.711
23.711
23.711
23.711
23.711
23.711
23.711
21.717
21.717
21.717
18.514
15.390
27.856
28.574
21.717
21.717
21.991
23.152
27.748
40.228
30.818
21.717
21.717
22.641
30.392
29.609
28.005
20.982
21.717
20.815
18.866
24.452
22.356
21.717
21.717
21.717
24.213
39.219
22.166
21.717
21.717
21.717
21.717
27.227
33.915
23.677
21.717
21.717
21.717
1.148
1.148
1.148
1.148
1.148
1.148
1.854
1.148
1.148
1.567
1.329
1.429
1.043
2.902
1.148
1.148
1.639
2.108
1.745
2.321
3.193
1.148
1.175
1.618
2.343
1.974
1.549
1.854
1.148
1.652
1.627
1.181
1.441
1.318
1.854
1.148
1.987
3.291
2.881
1.148
1.148
1.854
1.148
1.217
1.102
1.132
1.148
1.148
1.854
50.340
50.340
50.340
50.340
50.340
50.340
50.340
49.228
49.228
49.228
43.365
32.539
56.692
62.826
49.228
49.228
48.609
49.998
54.282
82.028
75.239
49.228
49.228
47.798
64.845
64.272
67.783
50.671
49.228
47.591
37.279
56.795
51.683
49.228
49.228
49.228
50.355
78.036
55.339
49.228
49.228
49.228
49.228
59.814
74.627
55.317
49.228
49.228
49.228
1.157
1.157
1.157
1.362
1.156
1.157
1.157
1.157
1.169
2.801
4.727
2.669
1.735
2.771
1.157
2.387
7.403
8.650
9.749
8.943
4.997
1.157
5.228
8.198
6.909
7.514
5.871
3.560
1.534
4.786
10.905
7.022
3.969
2.852
1.157
3.369
8.687
8.937
2.225
1.166
1.157
1.157
1.495
8.119
9.377
4.228
1.205
1.205
1.205
25.950
25.950
25.950
27.854
28.098
25.950
25.950
23.748
23.979
55.010
105.018
104.415
69.956
58.785
23.748
41.584
85.080
107.548
97.020
88.620
69.029
23.748
57.123
88.739
87.755
87.943
56.517
22.101
29.359
65.564
107.580
62.750
29.389
23.748
23.748
41.013
91.415
97.375
49.693
23.748
23.748
23.748
23.896
42.898
47.371
32.705
23.748
23.748
23.748
1.236
1.236
1.236
1.217
1.796
1.441
2.016
1.236
1.236
1.518
3.453
6.887
8.380
4.585
1.236
1.236
2.266
5.428
3.218
7.081
5.915
1.236
1.236
2.415
5.029
5.465
5.427
2.249
1.203
1.627
5.537
7.235
2.299
2.303
2.016
0.600
1.984
4.822
8.588
1.260
1.236
2.016
0.767
0.000
0.322
2.627
1.236
1.236
2.016
55.521
55.521
55.521
61.844
63.422
55.521
55.521
54.293
54.711
117.063
227.764
235.251
170.723
129.773
54.293
86.848
194.028
238.731
235.635
214.059
160.399
54.293
119.093
206.666
207.775
208.135
158.816
62.266
64.518
149.104
233.672
169.416
85.714
54.293
54.293
86.095
201.963
229.704
142.535
54.293
54.293
54.293
56.980
107.851
124.993
94.610
54.293
54.293
54.293
1.207
1.207
1.207
1.207
1.356
1.150
1.207
1.207
1.207
4.496
7.447
6.939
2.850
2.434
1.207
2.018
13.873
12.158
18.273
15.110
5.680
1.207
3.558
13.729
14.369
11.582
11.433
5.546
1.586
13.623
15.892
10.922
6.446
2.339
1.207
2.728
12.999
14.618
4.425
1.210
1.207
1.207
1.318
12.208
13.949
6.282
1.256
1.256
1.256
26.474
26.474
26.474
26.474
27.462
26.474
26.474
24.224
24.224
84.986
169.462
168.925
100.413
89.187
24.224
36.165
152.717
155.771
163.473
167.382
90.183
24.224
43.713
166.543
171.991
158.662
65.789
19.916
31.129
143.229
183.986
112.441
22.616
24.224
24.224
37.568
129.394
148.910
69.020
24.224
24.224
24.224
23.905
57.694
62.841
27.170
24.224
24.224
24.224
1.257
1.257
1.257
1.257
1.397
1.665
2.053
1.257
1.257
1.376
8.263
11.046
9.652
9.290
1.257
1.257
0.000
8.334
5.902
11.309
11.992
1.257
1.257
0.529
11.868
9.395
3.967
3.044
1.257
1.054
7.737
11.134
3.362
3.110
2.053
0.606
0.000
9.316
14.521
1.265
1.257
2.053
0.979
0.000
1.406
3.416
1.257
1.257
2.053
56.735
56.735
56.735
56.735
62.136
58.854
56.735
55.479
55.479
164.984
371.081
385.906
224.916
200.554
55.479
77.244
335.639
361.612
371.225
383.277
244.489
55.479
91.864
361.775
402.344
371.207
201.598
62.798
68.008
290.381
430.159
318.090
81.305
55.479
55.479
80.193
284.936
346.530
206.551
55.479
55.479
55.479
56.462
143.810
170.622
83.403
55.479
55.479
55.479
17.648
17.648
17.648
17.725
17.688
17.622
17.648
17.648
17.699
18.188
17.914
20.577
19.373
18.230
17.648
18.080
17.797
17.571
18.462
21.062
19.458
17.648
17.862
18.314
17.973
17.573
17.446
17.645
18.187
18.402
17.372
18.316
17.648
17.648
17.648
18.134
19.369
18.005
18.031
17.648
17.648
17.648
18.050
18.068
17.613
18.050
18.050
18.050
18.050
199.460
199.460
199.460
199.460
199.460
199.460
199.460
181.168
182.087
186.839
187.326
195.571
205.643
202.039
181.168
184.712
178.832
183.036
179.092
187.255
188.156
181.168
185.758
186.420
185.298
181.346
182.677
181.802
185.939
189.381
180.684
185.736
182.491
181.286
181.168
182.760
177.403
182.850
183.675
181.168
181.168
181.168
181.168
181.440
177.788
181.315
181.168
181.168
181.168
8.055
8.055
8.055
8.175
8.180
8.140
14.528
8.055
8.055
8.834
8.295
9.054
9.538
16.694
8.055
8.055
9.139
8.982
8.535
7.579
14.528
8.055
8.258
10.158
9.357
8.375
8.034
14.528
7.923
9.212
9.123
9.151
8.055
8.055
14.528
7.974
9.397
8.082
8.298
8.055
8.055
14.528
8.055
8.846
8.424
8.087
8.055
8.055
14.528
457.158
457.158
457.158
457.158
457.158
457.158
457.158
446.954
448.623
457.688
460.182
477.465
500.305
494.190
446.954
453.452
444.631
446.189
441.932
461.134
468.162
446.954
456.401
446.776
452.976
442.645
447.588
447.214
455.789
462.837
439.099
451.193
447.553
446.995
446.954
450.466
430.931
447.350
449.663
446.954
446.954
446.954
446.954
444.450
437.722
446.920
446.954
446.954
446.954
32.187
32.187
32.187
32.237
32.197
32.167
32.187
32.187
32.206
34.265
34.205
33.594
33.055
32.332
32.187
32.739
39.129
34.977
38.442
36.598
34.043
32.187
33.445
38.781
35.842
36.646
34.990
32.475
32.400
36.713
37.959
34.005
33.864
32.187
32.187
32.735
38.383
40.404
32.204
32.187
32.187
32.187
32.896
37.647
34.874
33.037
32.900
32.900
32.900
352.425
352.425
352.425
352.425
352.425
352.425
352.425
319.948
320.297
351.930
360.859
350.483
360.428
339.183
319.948
326.219
381.673
352.819
377.285
381.325
329.035
319.948
331.968
375.201
364.084
347.512
323.559
320.049
321.916
372.357
383.267
319.035
319.948
320.205
319.948
324.227
369.600
380.634
320.162
319.948
319.948
319.948
320.018
336.461
325.192
320.561
319.948
319.948
319.948
14.066
14.066
14.066
14.047
14.239
14.221
25.560
14.066
14.066
14.015
17.067
15.868
15.552
28.062
14.066
14.066
16.516
19.213
15.461
18.865
25.560
14.066
14.066
16.907
19.136
17.297
15.006
25.560
14.016
14.544
19.253
17.306
14.898
14.066
25.560
13.829
16.490
19.253
17.950
14.066
14.066
25.560
13.947
13.853
14.003
15.488
14.066
14.066
25.560
811.240
811.240
811.240
811.240
811.240
811.240
811.240
793.123
793.755
853.963
880.219
865.467
878.536
843.842
793.123
804.685
921.583
886.741
922.966
929.819
833.143
793.123
816.597
920.446
891.823
870.313
818.877
793.158
796.761
904.975
943.602
819.959
793.123
793.211
793.123
801.133
888.540
932.490
808.457
793.123
793.123
793.123
793.851
835.347
827.001
795.233
793.123
793.123
793.123
11.709
11.709
11.709
11.720
11.709
11.709
11.709
11.709
11.716
13.915
13.487
12.137
12.017
11.708
11.709
13.884
19.038
22.336
26.743
24.683
14.432
11.709
16.625
21.595
20.216
20.692
19.507
14.568
12.367
17.745
23.143
18.958
16.059
13.324
11.709
14.443
25.336
20.856
12.469
11.716
11.709
11.709
12.028
28.877
24.271
14.701
11.983
11.983
11.983
136.971
136.971
136.971
136.971
136.971
136.971
136.971
124.474
124.608
166.297
234.829
247.294
176.917
155.229
124.474
151.862
212.795
234.008
251.536
249.140
170.107
124.474
163.460
208.037
221.687
230.963
163.909
120.507
135.723
198.394
232.546
166.578
124.689
124.474
124.474
148.659
264.650
247.662
146.971
124.474
124.474
124.474
124.262
175.987
169.163
134.842
124.474
124.474
124.474
5.599
5.599
5.599
5.617
5.619
5.599
10.022
5.599
5.599
5.612
11.486
17.085
17.118
13.817
5.599
5.599
8.626
10.245
8.453
14.072
13.740
5.599
5.599
10.364
11.244
11.161
9.915
10.022
5.580
6.819
13.046
12.082
6.973
7.318
10.022
4.364
10.154
16.165
15.135
5.617
5.599
10.022
5.039
2.944
5.615
6.820
5.599
5.599
10.022
312.510
312.510
312.510
312.510
312.510
312.510
312.510
305.539
305.782
382.280
535.863
568.127
441.220
375.427
305.539
355.680
483.965
550.634
597.489
590.812
432.071
305.539
378.933
499.152
528.318
552.495
443.440
314.251
325.975
464.463
551.062
450.956
337.884
305.539
305.539
350.279
614.898
608.102
392.809
305.539
305.539
305.539
308.163
434.440
448.433
352.039
305.539
305.539
305.539
