0.710
0.928
0.186
0.302
0.768
0.205
0.809
0.368
0.963
0.406
0.511
0.057
0.391
0.988
0.763
0.168
0.006
0.669
0.378
0.333
0.801
0.591
0.949
0.873
0.218
0.763
0.081
0.414
0.948
0.064
0.949
0.168
0.148
0.729
0.653
0.453
0.988
0.667
0.474
0.322
0.139
0.877
0.566
0.285
0.869
0.119
0.517
0.776
0.043
0.792
0.799
0.315
0.443
0.508
0.961
0.318
0.453
0.290
0.009
0.419
0.220
0.518
0.819
0.934
0.584
0.195
0.063
0.569
0.366
0.312
0.991
0.729
0.195
0.784
0.244
0.217
0.899
0.514
0.376
0.654
0.643
0.897
0.580
0.973
0.001
0.703
0.019
0.807
0.648
0.321
0.156
0.808
0.020
0.183
0.154
0.691
0.457
0.757
0.827
0.908
0.773
0.700
0.969
0.467
0.689
0.642
0.166
0.554
0.563
0.456
0.919
0.899
0.423
0.751
0.878
0.652
0.431
0.779
0.675
0.264
0.682
0.546
0.255
0.659
0.526
0.626
0.996
0.198
0.388
0.266
0.762
0.619
0.866
0.665
0.541
0.850
0.868
0.359
0.680
0.310
0.445
0.196
0.851
0.380
0.714
0.481
0.185
0.060
0.315
0.384
0.331
0.780
0.783
0.250
0.184
0.828
0.997
0.995
0.613
0.573
0.264
0.465
0.620
0.701
0.411
0.752
0.543
0.373
0.986
0.894
0.118
0.208
0.016
0.492
0.364
0.574
0.505
0.074
0.925
0.872
0.815
0.419
0.259
0.878
0.881
0.386
0.698
0.291
0.777
0.272
0.135
0.253
0.407
0.965
0.788
0.735
0.424
0.190
0.053
0.019
0.672
0.976
0.565
0.449
0.172
0.421
0.163
0.955
0.312
0.814
0.328
0.445
0.131
0.796
0.499
0.072
0.130
0.261
0.220
0.364
0.085
0.379
0.476
0.415
0.396
0.788
0.895
0.459
0.244
0.194
0.130
0.638
0.515
0.716
0.908
0.308
0.701
0.395
0.835
0.276
0.439
0.504
0.709
0.073
0.343
0.645
0.124
0.416
0.620
0.527
0.374
0.879
0.904
0.433
0.624
0.225
