0.007
0.131
0.019
0.639
0.989
0.291
0.948
0.664
0.662
0.909
0.108
0.193
0.665
0.977
0.542
0.236
0.865
0.850
0.542
0.282
0.203
0.225
0.133
0.729
0.019
0.705
0.787
0.729
0.680
0.585
0.342
0.424
0.088
0.543
0.665
0.805
0.302
0.047
0.544
0.792
0.543
0.959
0.349
0.795
0.687
0.495
0.863
0.743
0.922
0.937
0.088
0.575
0.236
0.355
0.092
0.923
0.541
0.652
0.219
0.219
0.347
0.208
0.059
0.149
0.857
0.541
0.154
0.369
0.477
0.455
0.945
0.932
0.850
0.601
0.032
0.992
0.518
0.110
0.142
0.433
0.758
0.627
0.565
0.139
0.896
0.482
0.092
0.943
0.472
0.727
0.868
0.659
0.048
0.492
0.055
0.878
0.590
0.382
0.296
0.686
0.466
0.673
0.416
0.410
0.719
0.339
0.703
0.587
0.373
0.396
0.792
0.198
0.716
0.236
0.737
0.053
0.056
0.509
0.900
0.036
0.594
0.009
0.040
0.720
0.007
0.687
0.785
0.122
