2
4
4
4
9
7
7
7
7
7
7
7
7
8
8
8
0
0
1
7
1
1
1
1
7
9
4
5
6
6
6
6
6
6
6
3
3
3
0
0
1
1
1
1
1
1
1
1
4
8
9
9
6
7
8
8
8
8
5
4
0
2
1
2
7
1
6
8
6
6
6
6
9
4
0
7
8
6
6
6
6
4
4
9
9
1
3
5
5
5
5
5
2
3
5
6
7
1
7
7
7
7
7
8
9
4
0
0
7
1
2
3
8
9
7
7
7
7
7
8
1
7
7
9
9
9
9
9
9
7
7
7
5
5
7
7
9
9
9
1
1
1
1
1
1
5
5
5
5
5
5
8
8
8
8
8
8
8
8
8
8
8
8
8
8
8
8
8
8
7
7
7
7
7
7
7
7
9
7
7
7
1
2
2
5
5
5
5
4
5
5
5
5
5
5
5
5
5
6
9
9
9
9
9
5
5
2
2
2
2
2
3
3
3
3
8
3
3
3
3
3
3
3
3
3
2
2
2
2
2
2
2
2
2
2
3
3
2
3
3
2
8
8
8
9
9
8
8
8
8
3
6
6
3
3
3
7
8
8
8
8
8
8
8
8
8
8
5
6
6
6
6
6
6
6
6
6
3
3
6
6
5
9
9
6
6
2
3
5
1
0